500 0
500 0
500 0
260 231
500 0
500 0
500 0
500 0
500 0
500 0
500 0
500 0
298 256
162 265
96 241
95 241
95 241
95 241
95 241
95 241
95 241
500 0
500 0
298 256
162 265
96 241
95 241
95 241
95 241
95 241
95 241
95 241
500 0
96 254
111 263
268 272
313 205
301 167
301 165
301 164
301 164
301 164
96 254
111 263
268 272
313 205
301 167
301 165
301 164
301 164
301 164
96 254
111 263
268 272
313 205
301 167
301 165
301 164
301 164
301 164
500 0
500 0
500 0
500 0
500 0
224 254
226 254
257 258
329 253
328 253
329 253
329 253
329 253
329 253
329 253
200 255
200 255
200 255
200 256
199 252
202 279
202 279
202 279
202 279
202 279
202 279
202 279
202 279
202 279
202 279
197 264
197 265
197 266
197 267
197 266
197 265
200 276
200 276
200 276
204 275
207 265
212 263
217 322
217 322
204 275
136 262
139 261
139 262
137 262
136 262
138 259
138 260
137 262
223 253
225 253
256 257
328 252
327 252
328 252
328 252
328 252
328 252
328 252
222 247
218 248
196 275
197 265
198 248
198 248
199 244
199 237
199 237
196 275
500 0
500 0
233 235
233 278
233 278
233 278
500 0
500 0
500 0
500 0
500 0
500 0
500 0
500 0
500 0
500 0
500 0
500 0
500 0
500 0
500 0
500 0
500 0
500 0
194 287
194 287
196 275
196 275
196 275
196 275
196 275
196 275
199 276
199 276
199 276
199 276
199 276
199 276
199 276
199 276
199 276
199 276
199 276
205 275
204 275
204 274
204 275
210 275
208 275
207 276
208 276
210 275
213 275
214 276
213 276
500 0
500 0
250 225
152 283
121 272
113 267
188 261
232 212
500 0
500 0
500 0
500 0
500 0
500 0
196 216
196 216
213 215
202 209
288 209
284 287
284 325
284 325
