144 243
144 243
115 237
500 0
202 282
166 269
166 269
166 269
166 269
166 269
185 269
187 265
500 0
500 0
500 0
500 0
500 0
500 0
500 0
500 0
500 0
185 269
187 265
500 0
500 0
500 0
500 0
500 0
500 0
500 0
500 0
500 0
188 265
500 0
500 0
500 0
500 0
500 0
500 0
500 0
500 0
500 0
202 275
500 0
500 0
500 0
500 0
500 0
500 0
500 0
500 0
500 0
500 0
500 0
500 0
500 0
500 0
500 0
500 0
500 0
133 246
115 236
202 282
166 269
166 269
500 0
500 0
500 0
500 0
500 0
500 0
500 0
500 0
500 0
500 0
197 252
197 252
197 252
197 253
196 249
203 263
203 263
203 263
203 263
203 263
203 263
203 263
203 263
203 263
203 263
194 261
194 262
194 263
194 264
194 263
194 262
500 0
500 0
500 0
500 0
500 0
500 0
500 0
500 0
500 0
500 0
500 0
500 0
500 0
500 0
500 0
500 0
500 0
500 0
500 0
500 0
500 0
500 0
500 0
500 0
500 0
500 0
500 0
227 228
223 229
197 259
198 249
192 242
192 242
193 238
193 231
193 231
197 259
190 249
188 247
500 0
500 0
500 0
500 0
144 243
144 243
115 237
500 0
500 0
500 0
194 275
194 275
194 275
194 275
194 275
194 275
194 275
194 275
194 275
194 275
194 275
194 275
187 280
187 280
189 268
189 268
189 268
189 268
189 268
189 268
192 269
192 269
192 269
192 269
192 269
192 269
192 269
192 269
192 269
192 269
192 269
198 268
197 268
197 267
197 268
203 268
201 268
200 269
201 269
203 268
206 268
207 269
206 269
161 244
156 247
500 0
500 0
500 0
500 0
187 202
205 228
286 236
281 308
500 0
139 270
138 274
235 180
195 130
195 125
118 170
94 196
500 0
500 0
500 0
500 0
