11 23
189 222
195 220
201 233
201 236
201 237
201 237
201 237
201 237
201 237
207 235
206 234
205 234
190 237
189 236
189 237
189 238
189 238
189 238
189 238
189 238
207 235
206 234
205 234
190 237
189 236
189 237
189 238
189 238
189 238
189 238
189 238
206 234
190 243
197 246
240 241
237 228
237 225
237 225
237 225
237 225
237 225
190 243
197 246
240 241
237 228
237 225
237 225
237 225
237 225
237 225
190 243
197 246
240 241
237 228
237 225
237 225
237 225
237 225
237 225
189 222
195 220
201 237
201 237
201 237
199 235
200 236
217 240
226 240
225 241
226 241
226 241
226 241
226 241
226 241
202 228
202 228
202 228
202 228
201 225
206 204
207 201
206 201
206 201
206 201
206 201
206 201
206 201
206 201
206 201
200 225
200 226
200 226
200 227
200 226
200 225
195 230
195 230
195 230
199 224
161 283
161 286
161 304
161 304
199 224
208 227
192 226
184 226
195 226
208 227
195 226
187 226
197 226
199 235
200 236
217 240
226 240
225 241
226 241
226 241
226 241
226 241
226 241
190 236
188 237
201 230
202 221
200 223
200 222
201 221
201 220
201 220
201 230
195 223
199 220
211 229
215 230
215 231
215 231
189 222
189 222
195 220
250 261
251 260
251 260
251 261
251 262
251 262
251 262
251 262
251 262
251 262
251 262
251 262
251 262
251 262
251 262
197 250
197 250
201 216
201 216
201 216
201 216
201 216
201 216
204 216
204 216
204 216
204 216
204 216
204 216
204 216
204 216
204 216
204 216
204 216
206 216
206 216
206 216
206 216
208 216
207 216
207 216
208 217
208 216
209 216
209 216
206 217
198 223
188 224
197 246
198 253
191 254
190 254
194 243
198 226
209 254
211 255
211 255
204 237
203 238
202 213
201 210
201 210
199 209
190 206
197 258
198 250
198 250
198 250
