500 0
500 0
500 0
261 231
500 0
500 0
500 0
500 0
500 0
500 0
500 0
500 0
297 255
162 265
121 252
113 252
110 252
110 252
110 252
110 252
110 252
500 0
500 0
297 255
162 265
121 252
113 252
110 252
110 252
110 252
110 252
110 252
500 0
121 255
129 263
282 272
312 212
305 188
305 188
305 187
305 187
305 187
121 255
129 263
282 272
312 212
305 188
305 188
305 187
305 187
305 187
121 255
129 263
282 272
312 212
305 188
305 188
305 187
305 187
305 187
500 0
500 0
500 0
500 0
500 0
224 265
226 265
257 269
330 265
329 265
330 265
330 265
330 265
330 265
330 265
208 262
208 262
208 262
208 263
207 259
213 281
213 281
213 281
213 281
213 281
213 281
213 281
213 281
213 281
213 281
205 271
205 272
205 273
205 274
205 273
205 272
207 283
207 283
207 283
211 282
214 266
219 264
218 318
218 318
211 282
143 272
146 271
146 272
144 272
143 272
145 269
145 270
144 272
224 265
226 265
257 269
330 265
329 265
330 265
330 265
330 265
330 265
330 265
228 227
224 228
206 277
207 267
206 254
206 254
207 250
207 243
207 243
206 277
500 0
500 0
244 232
244 281
244 281
244 281
500 0
500 0
500 0
500 0
500 0
500 0
500 0
500 0
500 0
500 0
500 0
500 0
500 0
500 0
500 0
500 0
500 0
500 0
202 293
202 293
204 281
204 281
204 281
204 281
204 281
204 281
207 282
207 282
207 282
207 282
207 282
207 282
207 282
207 282
207 282
207 282
207 282
213 281
212 281
212 280
212 281
218 281
216 281
215 282
216 282
218 281
221 281
222 282
221 282
500 0
500 0
248 222
167 291
142 282
121 278
190 262
232 218
500 0
500 0
500 0
500 0
500 0
219 220
199 216
199 216
211 216
203 209
287 222
286 285
286 337
286 337
