return {
    {
        damage = {
            {21,-5,-3,30,10,89,8,-6,21,20,12,48,-18,-5,-6,25,10,43,},
        },
    },
    {
        damage = {
            {23,-5,-1,30,10,85,6,-5,18,20,10,49,-11,-5,7,20,10,30,-24,-2,-5,20,5,23,},
        },
    },
    {
        damage = {
            {22,-5,-1,30,10,86,46,-2,49,20,5,20,4,-3,16,20,8,42,-16,-1,-2,20,6,33,-25,-1,-7,20,5,20,},
        },
    },
    {
        damage = {
            {-11,-5,21,26,10,62,14,-4,-1,20,8,43,-27,-4,-5,17,8,43,-41,-4,59,36,7,20,},
        },
    },
    {
        damage = {
            {-18,-5,31,30,10,54,13,-4,-2,20,9,42,-31,-3,-6,20,7,46,-40,-4,63,21,7,20,},
        },
    },
    {
        damage = {
            {-15,-5,35,23,10,50,6,-5,-3,23,9,43,-32,-4,-4,21,9,40,-36,-3,63,25,5,20,},
        },
    },
    {
        damage = {
            {-17,-5,29,30,10,56,10,-3,-2,25,7,42,-31,-4,-3,20,8,42,-40,-3,65,28,7,20,},
        },
    },
    {
        damage = {
            {-19,-5,32,30,10,54,9,-4,-2,20,8,44,-28,-4,-3,20,7,40,-38,-3,66,20,6,20,},
        },
    },
    {
        damage = {
            {-19,-5,32,30,10,54,9,-4,-2,20,8,44,-28,-4,-3,20,7,40,-38,-3,66,20,6,20,},
        },
    },
    {
        damage = {
            {-17,-5,29,30,10,56,10,-3,-3,19,6,40,-29,-5,-5,20,8,42,-38,-3,63,22,7,20,},
        },
    },
    {
        damage = {
            {-19,-5,30,30,10,53,9,-3,-3,19,7,42,-29,-4,-7,20,8,42,-36,-4,62,19,8,20,},
        },
    },
    
}