153 242
153 242
139 241
500 0
193 236
149 231
149 273
149 273
149 273
149 273
176 265
177 260
500 0
500 0
500 0
500 0
500 0
500 0
500 0
500 0
500 0
500 0
177 260
500 0
500 0
500 0
500 0
500 0
500 0
500 0
500 0
500 0
177 264
202 276
217 273
500 0
500 0
500 0
500 0
500 0
500 0
500 0
202 276
217 273
500 0
500 0
500 0
500 0
500 0
500 0
500 0
202 276
217 273
500 0
500 0
500 0
500 0
500 0
500 0
500 0
153 232
139 235
193 236
149 231
149 273
191 256
192 253
221 255
500 0
500 0
500 0
500 0
500 0
500 0
500 0
192 229
191 234
190 232
190 232
191 226
197 254
196 252
196 251
198 249
197 254
196 252
196 251
198 249
197 254
196 252
188 241
190 240
189 246
188 245
188 243
190 240
191 256
190 254
190 253
196 250
187 342
190 342
500 0
500 0
196 250
500 0
500 0
500 0
500 0
500 0
500 0
500 0
500 0
191 256
192 253
221 255
500 0
500 0
500 0
500 0
500 0
500 0
500 0
500 0
500 0
198 244
199 234
190 222
189 227
189 221
189 213
191 211
198 244
199 219
194 216
500 0
500 0
500 0
500 0
153 242
153 242
139 241
500 0
500 0
200 283
200 283
200 283
200 283
200 283
200 283
200 283
200 283
200 283
200 283
200 283
200 283
200 283
187 261
186 266
189 249
188 254
187 252
187 251
189 249
188 254
190 253
190 252
192 250
191 255
190 253
190 252
192 250
191 255
190 253
190 252
192 250
197 254
195 252
195 250
197 249
202 254
199 252
198 252
201 250
202 254
204 252
205 252
206 250
143 242
136 245
500 0
500 0
500 0
500 0
500 0
500 0
500 0
265 252
263 307
137 285
135 288
228 187
200 131
200 131
116 171
98 205
500 0
500 0
500 0
500 0
