127 231
127 231
127 231
201 231
202 249
169 249
169 249
169 249
169 249
169 249
188 247
186 246
207 246
161 248
110 248
110 248
110 248
110 248
110 248
110 248
110 248
188 247
189 246
207 246
161 248
110 248
110 248
110 248
110 248
110 248
110 248
110 248
188 246
110 251
121 256
199 253
237 199
237 163
237 163
237 163
237 163
237 163
112 252
121 256
199 253
237 199
237 163
237 163
237 163
237 163
237 163
111 253
121 256
199 253
237 199
237 163
237 163
237 163
237 163
237 163
127 231
127 231
202 249
169 249
169 249
199 244
200 244
217 248
226 252
225 252
226 252
226 252
226 252
226 252
226 252
192 238
192 238
192 238
192 239
191 235
201 204
201 201
201 201
201 201
201 201
201 201
201 201
201 201
201 201
201 201
188 233
188 234
188 235
188 235
188 234
188 233
191 240
191 240
191 240
195 231
171 270
168 268
168 308
168 308
195 231
149 238
152 236
152 237
150 238
149 238
151 236
151 237
150 238
199 244
200 244
217 248
226 252
225 252
226 252
226 252
226 252
226 252
226 252
190 225
188 226
197 239
199 229
189 233
189 233
190 231
191 229
191 229
193 239
195 226
192 223
216 226
216 226
216 239
216 239
144 230
144 230
127 231
0 0
0 0
0 0
206 269
206 269
206 269
206 269
206 269
206 269
206 269
206 269
206 269
206 269
206 269
206 269
190 260
190 260
188 224
188 224
188 224
188 224
188 224
188 224
191 224
191 224
191 224
191 224
191 224
191 224
191 224
191 224
191 224
191 224
191 224
197 224
196 224
196 224
196 224
201 224
199 224
198 225
199 225
201 224
204 224
205 225
204 225
142 232
139 235
197 226
147 263
118 264
118 264
188 176
182 211
209 227
212 260
0 0
147 249
145 247
202 178
195 135
195 135
131 161
108 202
197 224
198 250
198 250
198 250
