189 220
189 220
193 220
201 240
199 243
199 244
199 244
199 244
199 244
199 244
206 242
205 241
204 241
190 243
189 244
183 243
179 243
181 243
182 243
189 243
189 243
206 242
205 241
204 241
190 243
189 244
183 243
179 243
181 243
182 243
189 243
189 243
205 241
190 248
197 251
240 247
235 228
235 225
235 224
235 225
235 225
235 225
190 248
197 251
240 247
235 228
235 225
235 224
235 225
235 225
235 225
190 248
197 251
240 247
235 228
235 225
235 224
235 225
235 225
235 225
189 220
193 220
199 243
199 244
199 244
199 239
200 238
217 242
226 246
225 246
226 246
226 246
226 247
226 247
226 247
202 233
202 233
202 233
202 233
201 231
208 204
208 201
208 201
208 201
208 201
208 201
208 201
208 201
208 201
208 201
200 227
200 228
200 228
200 229
200 229
200 228
198 235
198 235
198 235
202 221
166 275
158 271
158 304
158 304
202 221
208 233
191 232
184 232
195 231
208 233
194 232
187 232
197 231
199 239
200 238
217 242
226 246
225 246
226 246
226 246
226 247
226 247
226 247
190 238
188 239
201 234
202 225
200 228
200 227
201 226
201 222
201 223
201 232
197 218
199 213
210 229
211 231
215 232
215 232
189 220
189 220
193 220
250 261
251 263
251 262
251 261
251 261
251 261
251 261
251 261
251 261
251 261
251 261
251 261
251 261
251 261
251 261
197 255
197 255
201 219
201 219
201 219
201 219
201 219
201 219
204 217
204 218
204 219
204 219
204 219
204 219
204 219
204 219
204 219
204 219
204 219
208 219
207 219
207 219
207 219
207 219
211 218
210 219
207 219
209 219
216 218
208 219
205 219
199 226
188 229
197 252
197 258
191 260
190 259
194 246
198 226
207 257
208 260
208 260
202 244
201 245
202 213
200 210
200 210
199 209
190 206
195 258
196 250
196 250
196 250
