160 250
160 250
145 248
500 0
202 283
178 284
173 283
173 283
173 283
173 283
191 270
193 266
500 0
500 0
500 0
500 0
500 0
500 0
500 0
500 0
500 0
191 270
193 266
500 0
500 0
500 0
500 0
500 0
500 0
500 0
500 0
500 0
193 266
500 0
500 0
500 0
500 0
500 0
500 0
500 0
500 0
500 0
500 0
500 0
500 0
500 0
500 0
500 0
500 0
500 0
500 0
500 0
500 0
500 0
500 0
500 0
500 0
500 0
500 0
500 0
160 250
145 248
202 283
178 284
173 283
203 267
205 267
236 271
500 0
500 0
500 0
500 0
500 0
500 0
500 0
196 249
196 249
196 249
196 250
195 246
204 261
204 261
204 261
204 261
204 261
204 261
204 261
204 261
204 261
204 261
193 258
193 259
193 260
193 261
193 260
193 259
195 270
195 270
195 270
199 269
201 344
206 342
201 348
201 348
500 0
500 0
500 0
500 0
500 0
500 0
500 0
500 0
500 0
203 267
205 267
236 271
500 0
500 0
500 0
500 0
500 0
500 0
500 0
500 0
500 0
197 257
198 247
194 241
194 241
195 237
195 230
195 230
197 257
202 253
196 247
500 0
500 0
500 0
500 0
163 251
163 251
143 245
500 0
500 0
500 0
203 289
206 289
206 289
206 289
206 289
206 289
206 289
206 289
206 289
206 289
206 289
206 289
193 273
193 273
192 268
192 268
192 268
192 268
192 268
192 268
195 269
195 269
195 269
195 269
195 269
195 269
195 269
195 269
195 269
195 269
195 269
201 268
200 268
200 267
200 268
206 268
204 268
203 269
204 269
206 268
209 268
210 269
209 269
163 239
160 246
240 277
500 0
500 0
500 0
196 192
200 232
245 222
274 313
500 0
153 282
151 285
233 173
205 146
205 144
123 173
99 207
500 0
500 0
500 0
500 0
