195 232
195 232
207 235
253 234
500 0
500 0
500 0
500 0
500 0
500 0
500 0
500 0
262 242
155 248
99 248
99 247
99 248
99 248
99 248
99 248
99 248
176 265
500 0
262 242
155 248
99 248
99 247
99 248
99 248
99 248
99 248
99 248
284 260
102 248
116 253
209 272
257 204
302 163
302 163
302 163
302 163
302 163
102 248
116 253
209 272
257 204
302 163
302 163
302 163
302 163
302 163
102 248
116 253
209 272
257 204
302 163
302 163
302 163
302 163
302 163
500 0
500 0
500 0
500 0
500 0
218 250
220 249
251 249
309 250
307 249
306 245
309 250
308 249
306 245
309 250
201 254
201 252
201 248
201 247
200 251
207 272
207 268
207 266
207 274
207 272
207 268
207 266
207 274
207 272
207 268
199 256
199 265
199 264
199 261
199 258
199 265
201 274
201 270
201 268
205 275
205 265
206 263
195 324
188 323
205 275
141 265
145 264
142 265
139 265
141 265
144 262
141 263
139 265
218 250
220 249
251 249
309 250
305 245
309 250
308 249
306 245
309 250
308 249
211 220
204 217
201 277
202 267
199 247
199 245
200 237
200 228
200 236
201 277
500 0
500 0
211 197
241 200
241 268
241 281
195 232
195 232
207 235
500 0
500 0
500 0
500 0
500 0
500 0
500 0
500 0
500 0
500 0
500 0
500 0
500 0
500 0
500 0
196 286
196 284
198 274
198 272
198 268
198 266
198 274
198 272
201 269
201 267
201 275
201 273
201 269
201 267
201 275
201 273
201 269
201 267
201 275
207 272
206 268
206 265
206 274
212 272
210 268
209 267
210 275
212 272
215 268
216 267
215 275
235 236
233 242
248 226
178 244
103 278
105 274
190 195
199 214
294 240
500 0
500 0
137 285
500 0
219 220
197 216
198 216
213 216
202 210
270 162
274 206
277 280
288 336
